379390
187660
383310
383800
276730
363250
383220
377630
361670
380440
252990
352480
357230
361610
377400
294570
351330
059270
373340
367480
333620
289220
361390
347700
302440
314930
367360
950220
378850
356890
334970
247660
372290
373200
338220
340930
189330
322310
239890
363260
262840
950210
366330
277810
321820
248070
163730
348030
352700
086710
375500
236810
368770
257990
322190
367460
253610
365550
369370
357550
314130
335810
347860
365590
064850
353060
356860
286000
352940
354200
367340
317690
009900
352770
318020
129890
265740
199820
299030
244920
340570
348150
330860
339770
290690
348350
347000
301300
122830
214610
304840
352820
348210
053080
126340
359090
323990
363280
318410
355150
347770
291650
294090
293490
347740
357120
353490
332370
331920
348840
950190
337930
060850
032300
348950
357780
164060
357250
350520
332570
101360
353070
347890
298540
225220
304100
343510
266470
277880
262260
334890
351340
950200
290520
330350
326030
169330
229000
354230
322970
351320
297890
298060
353190
353810
223250
353200
349720
329020
344860
343090
347140
198080
237820
340350
092190
204270
274090
294140
294630
344050
065370
342550
341160
344820
341310
340440
238170
311690
062970
327260
339950
179530
340120
288330
336570
235980
340360
226330
322510
124560
335870
317860
302550
338100
337450
335890
336040
250030
290510
336060
337840
278650
308170
321550
297090
103840
190650
322000
306040
216080
272210
214260
084850
333430
317400
279600
332710
333050
322180
330590
013890
331520
317530
331660
272110
317870
318010
336260
300120
336370
036420
158430
234690
332290
331380
093510
330990
244460
317120
320000
256150
149300
329560
311390
195500
328380
286750
317830
228670
186230
327970
282880
317330
317770
318000
148150
313760
317850
241840
300080
323210
234340
289010
327610
251970
312610
309900
323280
323940
323230
293780
308100
305090
321260
322780
003670
253840
307930
323350
319660
319400
950180
317320
317240
279060
125210
307950
228760
317030
099750
313750
100790
192650